career,graphic designer,graphic design,design
career,health educator
career,hr manager,human resources manager
career,illustrator
career,insurance agent
career,jailor
career,jeweller
career,landscape architect
career,lawyer
career,librarian
career,maintenance worker
career,makeup artist
career,manufacturing engineer
career,market analyst
career,online merchant
career,painter
career,photographer
career,radio jockey
career,security manager
career,accountant,accounting,accountancy
career,web designer
career,zoologist
career,technical director
career,actor,theatre,acting
career,aerospace engineer,spacecraft,aircraft,aerospace engineering
career,archeologist,archeology
career,art director
career,baker,pastry,bread
career,biochemist
career,biologist
career,brokerage clerks
career,budget analyst
career,cartoonist,cartoon
career,choreographer,choreographer
career,civil engineer
career,computer programmer
career,dentist
career,dietitian
career,editor,editing
career,electrician
career,environmentalist
career,fashion designer
career,fine artist
career,forensic expert
career,gamer
career,geographer
